3,2
3,1
3,3
10,229
10,81
10,197
10,101
10,233
10,239
10,267
10,2
10,3
11,13
11,15
11,28
11,4
11,16
11,8
9,7
9,2
8,10
8,11
8,6
8,14
104,4
104,3
104,2
104,1
104,0
103,4
103,3
103,2
103,1
103,0
102,4
102,3
102,2
102,1
102,0
101,4
101,3
101,2
101,1
101,0
100,4
100,3
100,2
100,1
100,0
99,4
99,3
99,2
99,1
99,0
98,4
98,3
98,2
98,1
98,0
97,4
97,3
97,2
97,1
97,0
96,3
96,2
96,1
96,0
95,5
95,4
95,3
95,2
95,1
95,0
94,5
94,4
94,3
94,2
94,1
94,0
93,4
93,3
93,2
93,1
93,0
92,4
92,3
92,2
92,1
92,0
91,4
91,3
91,2
91,1
91,0
20,3
20,2
20,1
19,3
19,2
19,1
18,1
12,3
18,3
12,2
12,1
11,30
11,22
11,21
14,1
11,20
14,3
11,9
11,1
13,1
11,7
